Error: 2975188.88219
Lamba: 0.0021196
Cx: 69
Cy: -10



Error: 2975474.30132
Lamba: 0.0021196
Cx: 69
Cy: 0



Error: 2975474.30132
Lamba: 0.0021196
Cx: 69
Cy: 0

