Error: 2969245.03465
Lamba: 0.0021196
Cx: 69
Cy: -10


0.035-.045
Error: 6229.1996183
Lamba: 0.03911

0.004 - 00403
Error: 6288.31960939
Lamba: 0.00400231